{
 "cells": [
  {
   "cell_type": "code",
   "execution_count": 1,
   "metadata": {
    "collapsed": false,
    "deletable": true,
    "editable": true
   },
   "outputs": [],
   "source": [
    "from gargantext_notebook import *\n",
    "\n",
    "from gargantext.models import *\n",
    "from gargantext.util.db import *\n",
    "from nltk.tokenize import word_tokenize\n",
    "from statistics import mean\n",
    "from math import log\n",
    "from collections import defaultdict\n",
    "import matplotlib.pyplot as plt\n",
    "import numpy as np\n",
    "import datetime\n",
    "%matplotlib inline  \n",
    "\n",
    "corpus_id = 111107\n",
    "path = '/home/alexandre/travail/recherches/controverses/controverseMortAbeille/ConferencesReunions/2016/06/images'"
   ]
  },
  {
   "cell_type": "code",
   "execution_count": 6,
   "metadata": {
    "collapsed": true,
    "deletable": true,
    "editable": true
   },
   "outputs": [],
   "source": [
    "matrix = [[0.0, 0.03288742272943612, 0.10291515245214833, 0.10479714160166076, 0.11282683584082276, 0.1286388022075695, 0.15100680763467422, 0.13649169767053027, 0.11243236172811244, 0.11151851709434346, 0.1242148533186106, 0.15547700983130708, 0.13158456135317131, 0.13537172361572247, 0.9999917989029261], [0.03288742272943612, 0.0, 0.0728701128513598, 0.10986909350373697, 0.11360224828035859, 0.12560159085193445, 0.14529217169226794, 0.14351126728632746, 0.1215112168091742, 0.10689282058758898, 0.1134186961022815, 0.14360282960625892, 0.13204654697618967, 0.14719197238311288, 0.9999906854672803], [0.10291515245214833, 0.0728701128513598, 0.0, 0.048221508247651146, 0.1125129868253012, 0.12903338377679174, 0.14600298329200356, 0.12614453442305618, 0.11931972792069956, 0.12249194087384696, 0.12986334090667928, 0.1478256147478817, 0.12730587701228158, 0.13809326055781002, 0.9999894846215405], [0.10479714160166076, 0.10986909350373697, 0.048221508247651146, 0.0, 0.06032807244965677, 0.12734008826724807, 0.1529857888377092, 0.13460829227530802, 0.12001448882063281, 0.11824917336135299, 0.12707228649583313, 0.16422153868987222, 0.15255392329035, 0.16262390644174063, 0.9999895214034551], [0.11282683584082276, 0.11360224828035859, 0.1125129868253012, 0.06032807244965677, 0.0, 0.06826610346048845, 0.13959344742837565, 0.1366203531259631, 0.11427386106232373, 0.10747342664694581, 0.12022855236288033, 0.1830729464903441, 0.1860680782859221, 0.1944594677169751, 0.9999895336963129], [0.1286388022075695, 0.12560159085193445, 0.12903338377679174, 0.12734008826724807, 0.06826610346048845, 0.0, 0.048577800954820005, 0.12028164769060046, 0.10769748474566188, 0.11766070081968927, 0.14382220411306912, 0.20477391653327426, 0.19396164853961018, 0.1951450324029661, 0.9999914027935055], [0.15100680763467422, 0.14529217169226794, 0.14600298329200356, 0.1529857888377092, 0.13959344742837565, 0.048577800954820005, 0.0, 0.06535177555662086, 0.12007233822764452, 0.14010882507419342, 0.16937657077840929, 0.23483305842634794, 0.20952049284243834, 0.2026000946485088, 0.9999913940955076], [0.13649169767053027, 0.14351126728632746, 0.12614453442305618, 0.13460829227530802, 0.1366203531259631, 0.12028164769060046, 0.06535177555662086, 0.0, 0.05968638760939127, 0.12186917949189036, 0.14893480768716494, 0.20795452876642417, 0.17614830655291258, 0.163946465293902, 0.9999911517679988], [0.11243236172811244, 0.1215112168091742, 0.11931972792069956, 0.12001448882063281, 0.11427386106232373, 0.10769748474566188, 0.12007233822764452, 0.05968638760939127, 0.0, 0.057306050892879545, 0.1213028877281409, 0.16809720445473308, 0.14342997029135385, 0.14400878352726, 0.9999918161292283], [0.11151851709434346, 0.10689282058758898, 0.12249194087384696, 0.11824917336135299, 0.10747342664694581, 0.11766070081968927, 0.14010882507419342, 0.12186917949189036, 0.057306050892879545, 0.0, 0.034309161061633064, 0.11708123345290278, 0.11366386999641265, 0.14091212612601434, 0.999992954657571], [0.1242148533186106, 0.1134186961022815, 0.12986334090667928, 0.12707228649583313, 0.12022855236288033, 0.14382220411306912, 0.16937657077840929, 0.14893480768716494, 0.1213028877281409, 0.034309161061633064, 0.0, 0.06735571636301585, 0.10478626043937955, 0.14628368183463958, 0.9999923946447391], [0.15547700983130708, 0.14360282960625892, 0.1478256147478817, 0.16422153868987222, 0.1830729464903441, 0.20477391653327426, 0.23483305842634794, 0.20795452876642417, 0.16809720445473308, 0.11708123345290278, 0.06735571636301585, 0.0, 0.0504164427216216, 0.14300248695898565, 0.9999905217911321], [0.13158456135317131, 0.13204654697618967, 0.12730587701228158, 0.15255392329035, 0.1860680782859221, 0.19396164853961018, 0.20952049284243834, 0.17614830655291258, 0.14342997029135385, 0.11366386999641265, 0.10478626043937955, 0.0504164427216216, 0.0, 0.040406127414084, 0.9999912574774904], [0.13537172361572247, 0.14719197238311288, 0.13809326055781002, 0.16262390644174063, 0.1944594677169751, 0.1951450324029661, 0.2026000946485088, 0.163946465293902, 0.14400878352726, 0.14091212612601434, 0.14628368183463958, 0.14300248695898565, 0.040406127414084, 0.0, 0.9999857062231743], [0.9999917989029261, 0.9999906854672803, 0.9999894846215405, 0.9999895214034551, 0.9999895336963129, 0.9999914027935055, 0.9999913940955076, 0.9999911517679988, 0.9999918161292283, 0.999992954657571, 0.9999923946447391, 0.9999905217911321, 0.9999912574774904, 0.9999857062231743, 0.0]]"
   ]
  },
  {
   "cell_type": "code",
   "execution_count": 7,
   "metadata": {
    "collapsed": false,
    "deletable": true,
    "editable": true
   },
   "outputs": [
    {
     "data": {
      "image/png": "iVBORw0KGgoAAAANSUhEUgAAAP4AAAD7CAYAAABKWyniAAAABHNCSVQICAgIfAhkiAAAAAlwSFlz\nAAALEgAACxIB0t1+/AAAEDBJREFUeJzt3VuMndV5xvH/M/Z4DjE+iQByRth1K9OWllBLDbQ0jZs4\nwiICctFKlKohROpVElBoKE65wLkrkRBFbXOBQi2IcCvFiRQqJY1jWY6UpEnr2MYQO9RABAaLQa49\nHgw+jf32Ym9bw2i2Z1jrO4xZz08aaZ/WXmvPzLO/vb91UkRgZmXpa7sBZtY8B9+sQA6+WYEcfLMC\nOfhmBXLwzQrUWvAlrZf0K0n/K+mBhuockbRd0j5Jz0m6p4l6u3X3Sdol6ZkG61ws6VuS9kv6paQb\nGqr3S5Kel7RX0tOSFtRUzxOSRiXtnXTbUklbJb0g6QeSFjdU79e6v+c9kr4taVET9U6678uSzkla\nNpvnaiX4kvqAfwZuBq4F/lLSbzdQ9QRwX0T8LvBHwOcbqhfgXmBfQ3Wd9xjwvYj4HeDDwP66K5S0\nHPgisCYirgPmA3fUVN0mOv9Dk20AtkXENcB24CsN1bsVuDYirgcONFgvkkaAdcArs32ito74HwEO\nRMQrEXEG+Hfg9rorjYg3ImJP9/JxOkH4UN31dv8wtwDfqLuuSXVeBnw0IjYBRMRERIw3VP084AOS\n5gPDwKE6KomIHwNHp9x8O/Bk9/KTwKebqDcitkXEue7VnwEjTdTb9Shw/3t5rraC/yHg4KTrr9FA\nACeTtBK4Hvh5A9Wd/8M0OUxyFXBY0qbuV4zHJQ3VXWlEHAIeAV4FXgfGImJb3fVOckVEjHbb8gbw\nwQbrPu9zwPebqEjSrcDBiHjuvZRrK/ia5rbGQiFpIbAFuLd75K+zrk8Bo91PGmL6116H+cAa4F8i\nYg3wDp2PwbWStITOUXcFsBxYKOnOuuudKyQ9CJyJiM0N1DUEPAg8NPnm2ZRtK/ivAVdPuj5CTR8H\np+p+/NwCfDMivttAlTcBt0l6Gfg34M8kPdVAva/RORLs7F7fQueNoG7rgJcj4khEnAW+A/xxA/We\nNyrpSgBJVwFvNlWxpLvofKVr6o3uN4GVwLOSfk0nR7+QdMVMBdsK/v8AvyVpRfeM7x1AU2e7/xXY\nFxGPNVFZRPx9RFwdEavovM7tEfGZBuodBQ5KWt296RM0c3LxVeBGSYOS1K23zpOKUz9FPQN8tnv5\nLqCuN/d31StpPfB3wG0RcaqmOt9Vb0Q8HxFXRcSqiPgNOm/2fxARM7/ZRUQrP8B64AU6Z0A3NFTn\nTcBZYA+wG9gFrG/wNX8MeKbB+j5M5012D50j7+KG6n2ITtj30jnB1l9TPZvpfFI8RecN525gKbCt\n+7/1Q2BJQ/UeoHNWfVf35+tN1Dvl/peBZbN5LnULmFlBPHLPrEAOvlmBHHyzAjn4ZgVy8M0KNL/u\nCiS528CsJREx7Ui+2oOfY3BwMLnssmW9ZyeOj4+zaFHlsyYB6Ovr/SHq2LFjLF7ce5bo/Pnpf44F\nC3rPfD18+DCXX355z/snJiaS6jx9+nTP+2Z6rTnmzZvX876xsTGWLFnS8/6c/6lTp3qPyzl69ChL\nly7tef/F/i9m8tJLL/W8b+PGjWzcuHHa+zrjp3q0J7k1ZnbJygp+G4tpmFm+5OC3uJhGtoGBgaLq\nHR4ebrzOtl5rzkf5S7HetWvXJpXLOeK3sphGFUr7p2wj+KUFcGio9qUOptVG8FtfTMPM0uSc1W91\nMQ0ze7cdO3awY8eOWT02eXaepBuBjRGxvnt9AxAR8fCUxyW/GdTVnVennG6burrzZlJHd16dLtad\nN5O6uvNmUld33sVI6tmPn/NRv83FNMwsQ/IhJiLOSvoCnWWF+4AnIqL25ZvNLF/WyL2I+E/gmora\nYmYN8cg9swI5+GYFamSSTuqZ1JMnTybXmVM2Z8DLxSZG1OncuXMzP6iH1DPOOWfXU3sSIO+1nj17\nNrlsjpyz+nWYW60xs0Y4+GYFcvDNCuTgmxXIwTcrkINvViAH36xADr5ZgRx8swI5+GYFcvDNCuTg\nmxXIwTcrkINvVqBGpuWmLnyZM7X2yJEjyWVzFpG82L5tc1XqFNnUhVohb2HRtqY+58j5XdXBR3yz\nAjn4ZgXK2TtvRNJ2SfskPSfpniobZmb1yfmOPwHcFxF7JC0EfiFpa0T8qqK2mVlNko/4EfFGROzp\nXj4O7Md755ldEir5ji9pJXA98PMqns/M6pUd/O7H/C3Avd0jv5nNcVn9+JLm0wn9NyPiu70eNz4+\nfuHywMBAa/vTm72fNbJbLoCkp4DDEXHfRR4Ty5cvT3r+tgbwLFy4MLlszgCenEEtOWVTB/DkrG+f\nMwgnp2wbvyfI24PgxRdfTCpXy265km4C/gr4uKTdknZJWp/6fGbWnJzdcn8CpL+NmVlrPHLPrEAO\nvlmBHHyzAjUyLTdVzq61OVNrjx9PH46Qc/Z26dKlrdSbenY+56x+Zm9SctkFCxYkl835Hc+1qcQ+\n4psVyME3K5CDb1YgB9+sQA6+WYEcfLMCOfhmBXLwzQrk4JsVyME3K5CDb1YgB9+sQA6+WYEcfLMC\nNTItt68v7f0lZypjzqKXOdMvjx07llw29fcE6TsS58iZWpszpTdHzmKb/f39yWU9LdfMWufgmxWo\nip10+rpLaz9TRYPMrH5VHPHvBfZV8Dxm1pCs4EsaAW4BvlFNc8ysCblH/EeB+4H007tm1ricLbQ+\nBYxGxB5A3R8zuwTk9OPfBNwm6RZgCLhM0lMR8ZmpD5zctz0wMMDg4GBGtWY2ncZ2y73wJNLHgL+N\niNumuS9GRkZSnze5TTmv66233koumzOAJ2dd/ZwBPKm/qzNnziTXmTOAJ2eAVc7ArrZ2+N29e3dy\nnZXvlmtml65KhuxGxI+AH1XxXGZWPx/xzQrk4JsVyME3K1Aj03JzpkK2Iefses7U2qNHjyaXzTnD\nntoj0NaZ+Zwdb3PKTkxMJJeda3zENyuQg29WIAffrEAOvlmBHHyzAjn4ZgVy8M0K5OCbFcjBNyuQ\ng29WIAffrEAOvlmBHHyzAjn4ZgVqZL5s6lTItnZUzZkymrPoZc7U2uPHjyeXTZ02vWjRouQ6c3ae\nHRgYSC6bs8LzyZMnk8tWsahtlXzENyuQg29WoNy98xZL+pak/ZJ+KemGqhpmZvXJ/Y7/GPC9iPgL\nSfOB4QraZGY1Sw6+pMuAj0bEZwEiYgIYr6hdZlajnI/6q4DDkjZJ2iXpcUlDVTXMzOqT81F/PrAG\n+HxE7JT0j8AG4KGpDzx8+PCFy8PDwwwP+xuBWdUa2TRT0pXAf0XEqu71PwEeiIhbpzwuVq9enVTH\npdiPn7ME8+joaHLZnH781I0k2+rHz+mLz1k6va1+/J07dyaVq2XTzIgYBQ5KOp/qTwD7Up/PzJqT\ne1b/HuBpSf3Ay8Dd+U0ys7plBT8ingX+sKK2mFlDPHLPrEAOvlmBHHyzAjUyLTe1iytn59mcbrW2\nuhFzpvTm7Eg8NjaWVC6niyq1CxHypi/ndMnllJ1rO+36iG9WIAffrEAOvlmBHHyzAjn4ZgVy8M0K\n5OCbFcjBNyuQg29WIAffrEAOvlmBHHyzAjn4ZgVqZHbe6dOnk8rlLHqZM3MsZ3ZeW/XmLHyZ2uZj\nx441XifkLZh54sSJ5LKnTp1KLjvX+IhvViAH36xADr5ZgXJ3y/2SpOcl7ZX0tKQFVTXMzOqTHHxJ\ny4EvAmsi4jo6JwrvqKphZlaf3LP684APSDpHZ4vsQ/lNMrO65WyhdQh4BHgVeB0Yi4htVTXMzOqT\nfMSXtAS4HVgBHAO2SLozIjZPfezk/t6BgYGsTQ/NbHpN7Zb758DNEfE33et/DdwQEV+Y8rgYGRlJ\nqqOtATw52hrAk/O7Sh2IkzOAJ2fAUc4AnoULFyaXbWsAz4EDB5LK1bJbLp2P+DdKGpQkOrvl7s94\nPjNrSM53/P8GtgC7gWcBAY9X1C4zq1HubrlfBb5aUVvMrCEeuWdWIAffrECNTMtNlbPRYM4mkpfi\nmfn+/v7ksqkbWOb8nsbHx5PLpk7zhvY2RB0YGGil3l58xDcrkINvViAH36xADr5ZgRx8swI5+GYF\ncvDNCuTgmxXIwTcrkINvViAH36xADr5ZgRx8swI5+GYFamRabup005wplJ1lAJsvm2PBgvSNiHKm\nfZ45cyapXM6ilzlTa0+ePJlc9vjx48llh4aGksvONT7imxXIwTcr0IzBl/SEpFFJeyfdtlTSVkkv\nSPqBpMX1NtPMqjSbI/4m4OYpt20AtkXENcB24CtVN8zM6jNj8CPix8DRKTffDjzZvfwk8OmK22Vm\nNUr9jn9FRIwCRMQbwAera5KZ1c0n98wKlNqPPyrpyogYlXQV8ObFHjw2Nnbh8uDgoHfLNatB5bvl\nSloJ/EdE/H73+sPAkYh4WNIDwNKI2NCjbKxYsWJ2LZ+irTXqc+S0+VIbwJOze+zo6Ghy2ZwBPDmD\njnIG8AwPDyeXbWW3XEmbgZ8CqyW9Kulu4B+AT0p6AVjXvW5ml4gZP+pHxJ097lpXcVvMrCE+uWdW\nIAffrEAOvlmBGpmWm9p9d/bs2YpbMjs5Z9dzdunNqTenizT1LPmJEyeS68zp/ciZWnv06NRBqLOX\n2vsBeWf16+AjvlmBHHyzAjn4ZgVy8M0K5OCbFcjBNyuQg29WIAffrEAOvlmBHHyzAjn4ZgVy8M0K\n5OCbFcjBNytQI9NycxZlbEPOQp39/f3JZScmJpLL5ixAmVq2rb9rzqKXOVNrc6YDHzp0KLlsHXzE\nNyuQg29WoNTdcr8mab+kPZK+LWlRvc00syql7pa7Fbg2Iq4HDuDdcs0uKUm75UbEtog4v2jaz4CR\nGtpmZjWp4jv+54DvV/A8ZtaQrOBLehA4ExGbK2qPmTUguR9f0l3ALcDHZ3rs5CWNBwcHs/phzWx6\nTeyWux54BPjTiPi/GcrGypUrZ9WYuSJn59mc9e2laTc2nZWc9fxTB/DkDBrKGfyTs9/C+Ph4ctmc\nATw56+q//fbbSeXq2C33n4CFwA8l7ZL09aSWmVkrUnfL3VRDW8ysIR65Z1YgB9+sQA6+WYEamZbb\n15f2/pJaDmA2vRW95JxdzymbI+f15kwHTpXTc5Ij5+x6ztTad955J7lsHXzENyuQg29WIAffrEAO\nvlmBHHyzAjn4ZgVy8M0K5OCbFcjBNyuQg29WIAffrEAOvlmBHHyzAjn4ZgWa1WKbWRVIUXcdZu9n\nOVO9kxfbNLP3HwffrEBJu+VOuu/Lks5JWlZP88ysDqm75SJpBFgHvFJ1o8ysXkm75XY9CtxfeYvM\nrHZJ3/El3QocjIjnKm6PmTXgPa+yK2kIeBD45OSbL1Zm48aNFy6vXbuWtWvXvtdqzaxCs900cwWd\nTTOvk/R7wDbgHTqBHwFeBz4SEW9OU9b9+GYZ6ujHn+0RX90fIuJ54KpJjfo1sCYipjsPYGZzUOpu\nuZMFM3zUN7O5ZTZn9e+MiOURMRARV0fEpin3r4qIIymV79ixI6VYNtf7/qyzxHpTtTpyr7Q/Ukn1\nlvRa26w3lYfsmhXIwTcrUCPTcmutwMx66tWdV3vwzWzu8Ud9swI5+GYFcvDNCuTgmxXIwTcr0P8D\n6VBP+/7qvD8AAAAASUVORK5CYII=\n",
      "text/plain": [
       "<matplotlib.figure.Figure at 0x7fb4f0a01cc0>"
      ]
     },
     "metadata": {},
     "output_type": "display_data"
    }
   ],
   "source": [
    "plt.matshow(np.array(matrix), fignum=100, cmap=plt.cm.gray)\n",
    "plt.savefig(path + '/matrix.png')\n",
    "plt.show()"
   ]
  },
  {
   "cell_type": "code",
   "execution_count": 2,
   "metadata": {
    "collapsed": false,
    "deletable": true,
    "editable": true
   },
   "outputs": [],
   "source": [
    "corpus = session.query(Node).filter(Node.id==111107).first()\n",
    "docs = (session.query(Node).filter( Node.parent_id==111107\n",
    "                                  , Node.typename==\"DOCUMENT\"\n",
    "                                  )\n",
    "        .order_by(Node.hyperdata['publication_date'])\n",
    "        .all()\n",
    "        )"
   ]
  },
  {
   "cell_type": "code",
   "execution_count": 3,
   "metadata": {
    "collapsed": false,
    "deletable": true,
    "editable": true
   },
   "outputs": [
    {
     "name": "stdout",
     "output_type": "stream",
     "text": [
      "Le corpus ALL (abeille* and (mort* or disparition)) contient 11282 documents.\n"
     ]
    }
   ],
   "source": [
    "print(\"Le corpus %s contient %d documents.\" % (corpus.name, len(docs)))"
   ]
  },
  {
   "cell_type": "code",
   "execution_count": 77,
   "metadata": {
    "collapsed": false,
    "deletable": true,
    "editable": true
   },
   "outputs": [
    {
     "data": {
      "text/plain": [
       "[<matplotlib.lines.Line2D at 0x7f31f05be4e0>]"
      ]
     },
     "execution_count": 77,
     "metadata": {},
     "output_type": "execute_result"
    },
    {
     "data": {
      "image/png": "iVBORw0KGgoAAAANSUhEUgAAAZYAAAEACAYAAACQx1DIAAAABHNCSVQICAgIfAhkiAAAAAlwSFlz\nAAALEgAACxIB0t1+/AAAIABJREFUeJzt3XecXHW9//HXJwmkkkJJAiSQEJogGEAgiuKCAhEEFLgW\nxBBQlCZyUS8gCkGuiEqHn4oaIFwFBAKETmjLvSIlCamk0iIhpEg66buf3x/fM2Symd09s3vOzJnZ\n9/PxmMfOfOfMnM/ZMp/9dnN3REREktKu3AGIiEh1UWIREZFEKbGIiEiilFhERCRRSiwiIpIoJRYR\nEUlUqonFzPqZ2fNmNt3MpprZD6PyK8xsnpm9Ht2G5r3mUjObY2YzzOzovPKhZjbTzGab2cVpxi0i\nIi1nac5jMbO+QF93n2Rm3YAJwInAN4CV7n59g+M/AdwNHAz0A54F9gAMmA18EZgPjAO+6e4zUwte\nRERapEOab+7uC4AF0f1VZjYD2Dl62gq85ETgXnffCLxrZnOAQ6Jj57j7XAAzuzc6VolFRCRjStbH\nYmYDgMHAq1HReWY2ycz+YmY9orKdgffyXvZ+VNawfB6bEpSIiGRISRJL1Az2APAjd18F/B4Y5O6D\nCTWa63KHFni5N1EuIiIZk2pTGICZdSAklf9x9zEA7r4475A/A49G9+cB/fOe60foUzFglwLlhc6n\nhCMi0gLuXuif+KKVosZyOzDd3W/KFUSd+jknAdOi+48A3zSzrc1sILA78Bqhs353M9vVzLYGvhkd\nW5C7V+3tiiuuKHsMuj5dm66v+m5JSrXGYmaHAd8GpprZRELz1c+AU81sMFAPvAv8AMDdp5vZfcB0\nYANwrocrrjOz84GxhGQ40t1npBm7iIi0TNqjwl4C2hd46qkmXvNr4NcFyp8C9kouOhERSYNm3leY\nmpqacoeQqmq+vmq+NtD1ySapTpAsBzPzarsmEZG0mRleQZ33IiLShiixiIhIopRYREQkUUosIiKS\nKCUWERFJlBKLiIgkSolFREQSpcQiIiKJUmIREZFEKbGIiEiilFhERCRRsROLmXU2M60uLCIiTYqV\nWMzseGAS0XL3ZjbYzBrdaEtERNquuDWWEcAhwDIAd58EDEgnJBERqWRxE8tGd1+eaiQiIlIV4u4g\nOc3MTgXam9kewAXAP9MLS0REKlXcGssPgX2BdcA9wArgwrSCEhGRyqUdJEVEJNEdJJtsCjOzR4FG\nP6Xd/YQkghARkerRXB/LtSWJQkREqkaspjAz6wqscff66HF7oKO7r045vqKpKUxEpHhJNoXF7bx/\nDuiS97gz8GwSAYiISHWJm1g6ufuq3IPofpcmjhcRkTYqbmL5yMwOzD0ws4OANemEJCIilSzuBMkL\ngfvNbH70eEfgG+mEJCIilSz2PBYz2wrYCzBgprtvSDOwllLnvYhI8ZLsvG8ysZjZke7+vJmdVOh5\nd38wiSCSpMQiIlK8kk2QBL4APA8cX+A5BzKXWEREpLzizmMZ6O7vNFeWBaqxiIgUrxzzWEYXKHsg\niQBERKS6NLdW2N6EVY17NOhn6Q50SjMwERGpTM31sewFfAXoyeb9LCuBs9IKSkREKlezfSzRumAX\nu/vVpQmpddTHIiJSvJL2sbh7HfDVJE4mIiLVL27n/UtmdquZfd7MDszd4rzQzPqZ2fNmNt3MpprZ\nBVF5LzMba2azzOxpM+uR95qbzWyOmU0ys8F55aeb2ezoNcOKulIRESmJuMONXyhQ7O5+ZIzX9gX6\nuvskM+sGTABOBM4APnT335rZxUAvd7/EzL4MnO/ux5nZocBN7j7EzHoB44EDCbP/JwAHuvvyBudT\nU5iISJFKOUESAHc/oqUncPcFwILo/iozmwH0IySXL0SHjQJeAC6Jyu+Kjn/VzHqYWR/gCGBsLpGY\n2VhgKPD3lsYmIlIpVqyA4cPhwQqYlh53EUrM7DjC0OOPhxm7+y+LOZmZDQAGA68Afdx9YfQ+C8ys\nd3TYzsB7eS+bF5U1LH8/KhMRqXqvvw6PPALuYInUK9ITK7GY2R8J+68cAfwFOAV4rZgTRc1gDwA/\nimoujbVXNfyWGWH5mELfyoLvMWLEiI/v19TUUFNTU0yoIiKZM3Ei1NXBqlWwzTatf7/a2lpqa2tb\n/0YFxO1jmeLu++d97QY86e6fj3USsw7AY9FrborKZgA17r4w6od5wd0/ESWxF9z979FxMwlNZkdE\nx58dlW92XN651MciIlXn9NPhrrtg7lzYZZfk378cS7rkNvVabWY7ARsIe7LEdTswPZdUIo8Aw6P7\nw4ExeeXDAMxsCLAsajJ7Gjgq6nPpBRwVlYmIVL2JE6FDB1i6tNyRNC9uH8tjZtYT+B3wOqEJ6s9x\nXmhmhwHfBqaa2cTotT8DfgPcZ2ZnAv8C/gPA3Z8ws2PN7E3gI8LoMdx9qZldRRgZ5sCV7r4sZvwi\nIhVr7VqYMwcOPBCWVcCnXuyNvj5+gVlHoFPDYb5ZoaYwEak248fDmWfCwIFwxhnw1RSmrJd8uHE+\nd18HrEvi5CIi0rxJk2DwYGjXrjKawuL2sYiISJlMnAgHHAA9e1ZGU1izicWC/qUIRkREtpRLLL16\nVUmNJeqweKIEsYiISAN1dTBlSmgKq5rEEnndzA5ONRIREdnCnDnQu3doBquUprC4nfeHAt82s7mE\nIcBGqMzsn1pkIiLyccc9VE6NJW5iOSbVKEREpKBc/wpUTmKJ1RTm7nPdfS5hBr7n3UREJEX5iaVS\nmsJiJRYzO8HM5gDvAC8C7wJPphiXiEib517FNRbgKmAIMNvdBwJfJCx9LyIiKZk/PyyRv9NO4XG1\nJZYN7v4h0M7M2rn7C8CnU4xLRKTNmzgxdNzn9l/p3DkMP167trxxNSdu5/2yaKn8/wP+ZmaLCKPD\nREQkJfnNYBASTK9eoZ+lb9/yxdWcuDWWEwkd9xcCTwFvAcenFZSIiGyZWKAymsPijgr7CNgBOBZY\nAtwXNY2JiEhKJk3aMrFUwsiwuKPCvkfYivgkwrbEr0T7qIiISAqWLYNFi2D33Tcvr4QaS9w+lp8C\nB+RqKWa2HfBPws6QIiKSsEmTYP/9oX37zcsrIbHE7WP5EFiZ93hlVCYiIiko1L8CldEUFrfG8ibw\nqpmNIcy4PxGYYmYXAbj79SnFJyLSJk2cCIcfvmV5NdVY3gIeZtMyLmMIs/C3iW4iIpKgQh33UBmJ\nJVaNxd2vTDsQEREJ1q4Ny+Xvu++Wz/XsCTNmlD6mYmhrYhGRjJk2DfbYAzp12vK5SqixKLGIiGRM\nYx33oMQiIiIt0Fj/ClTGqLC4EyR/a2bdzWwrM3vOzBab2WlpByci0hblFp8spJpqLEe7+wrgK4S9\nWHYnTJoUEZEE1dXBlCltI7FsFX09Frjf3ZenFI+ISJs2Zw707h2avArp3h1WrQoJKKviJpZHzWwm\nYQ+W58xsByDjOwKIiFSepjruAdq1C8lleYb/vY+bWK4APgN82t03AKuBE1KLSkSkjWqq4z4n681h\ncRPLy+6+1N3r4ONl9LXnvYhIwprquM/J+siwJmfem1lfYGegs5kdAEQbZNId6JJybCIibYp7801h\nkP0aS3NLuhwDDAf6AfkLTa4EfpZSTCIibdL774fth3faqenjKjqxuPsoYJSZnezuo0sUk4hIm5Tr\nXzFr+risN4XF7WN5zsyuN7Px0e06M+uRamQiIm1MnGYwyH6NJW5iGUlo/vp6dFsB3JFWUCIibVGc\njnuonsQyyN2vcPe3o9uVwG5pBiYi0tbErbFUS1PYGjP7XO6BmR0GrInzQjMbaWYLzWxKXtkVZjbP\nzF6PbkPznrvUzOaY2QwzOzqvfKiZzTSz2WZ2ccy4RUQqwtKl8O9/h+Xym5P1GkvcrYnPIXTi9yAM\nOV5CGC0Wxx3ALcBdDcqvb7ilsZl9gtDU9gnCSLRnzWyP6Jy3Al8E5gPjzGyMu8+MGYOISKZNngz7\n7x9m1jenKhKLu08CPmVm3aPHK+KewN3/YWa7Fniq0LiHE4F73X0j8K6ZzQEOiY6d4+5zAczs3uhY\nJRYRqQpx+1cg+01hsRKLmfUEhgEDgA4WjYVz9wtace7zzOw7wHjgx9HCljsDL+cd835UZsB7eeXz\nCAlHRKQqTJwIhx8e79is11ji9rE8QUgqU4EJebeW+j1hQMBgYAFwXVReqBbjTZSLiFSFuB33kP3E\nErePpZO7X5TUSd19cd7DPwOPRvfnAf3znutH6FMxYJcC5QWNGDHi4/s1NTXU1NS0Kl4RkTStXQtv\nvQWf/GS843NNYe7NT6ZsTG1tLbW1tS17cTPMvfl//M3sP4FVwGPAuly5uy+JdRKzAcCj7r5f9Liv\nuy/Ie++D3f1UM9sH+BtwKKEJ7BlgD0LNahah8/4D4DXgW+4+o8C5PM41iYhkxfjx8N3vhg78uLp2\nhYULoVu3ZGIwM9y9hWlqc3FrLOuB3wGXsakJyokxl8XM7gZqgO3M7F+EJfiPMLPBQD1hR8ofALj7\ndDO7D5gObADOjbJEnZmdD4wlJJmRhZKKiEglKqbjPifXHJZUYklS3BrL28Ah7v7v9ENqHdVYRKTS\nnHsu7LknXHhh/Nd88pNwzz2w337JxJBkjSVu5/2bhM29REQkYcV03OdkuQM/blPYR8AkM3uBzftY\nWjPcWESkzaurg6lTW94UlkVxE8vD0U1ERBI0Zw706QM9ilwvPsuTJOPOvB+VdiAiIm1RSzruIds1\nlrh9LCIikoKW9K+AEouIiDQit2tksbLcFFZUYjGzrmkFIiLS1ri34RqLmX3WzKYDM6LHnzKz36ca\nmYhIlZs7NyzJsuOOxb+24hMLcANwDPAhgLtPBmKuwykiIvnWrIHrroNDD4WzzmrZel9ZbgqLO9wY\nd3/PNr/6uuTDERGpXuvXw8iR8KtfwcEHw3PPxV94sqEs11jiJpb3zOyzgJvZ1sAFRM1iIiLStLo6\n+Otf4corw9bDDz0UEktrVENiORu4ibDi8DzCYpDnpRWUiEg1qK+HBx+Eyy+H7baDO++Mv5lXc7Lc\nFBZrEcpKokUoRaTc3OHJJ+HnPw/9J7/6FRxzTMv3TmnsHB07wqpVsPXWrX+/ki2bb2a30MROjVor\nTERkc2+9BaefDkuWwFVXwUknJZtQcsxCrWXp0rAkTJY0NypsPGEL4k7AgcCc6DYYSCBHiohUl+uv\nh4MOCgtLnnxyOkklJ6vNYU3WWHJrhJnZOcDn3H1j9PiPwP+lH56ISOWorw8d87W10L59+ufLagd+\n3HksvYDueY+7RWUiIhJ5+eXQSb/nnqU5X1YTS9xRYdcAE6P9WAC+AIxIJSIRkQo1enRo/iqVimwK\ny3H3O8zsSeDQqOgSd1+QXlgiIpXFPSSWxx4r3TkrvcZClEjGpBiLiGTI2rWh47ljx3JHUhnGjw/f\nq5bOpG+JrCYWLZsvIgWNGAHXXFPuKCpHrhkszVFgDWW1KUyJRUQKmjABZs4sdxSVIdcMVsr+FaiC\nGouZfc7Mzoju72BmA9MLS0TKyR0mTw6T/aR5U6fChg1h/kopVXRiMbMrgIuBS6OirYC/phWUiJTX\nwoWwYoUSS1yjR6c3w74pld4U9jXgBOAjAHefD2yTVlAiUl5TpsBnPhOWec/iB1fWjB4Np5xS+vNW\ndI0FWB+t7OigLYpFqt3kyfCpT8GgQaq1NGfWrPDhPmRI6c9d6YnlPjO7DehpZmcBzwJ/Ti8sESmn\nKVNg//2VWOIYPRq+9jVoV4ahUBXdFObu1wIPAKOBvYDL3f2WNAMTkfJRYomvHKPBcnr0gJUrwxpl\nWVLMBMlngGdSjEVEMmD9epg9G/bdNySWcePKHVF2vf02vPcefP7z5Tl/+/bQrRssXx6axbIi7qiw\nk8xsjpktN7MVZrbSzFakHZyIlN7MmTBgAHTurBpLcx58EE48ETrE/hc9eVlsDovbKvhb4AR37+Hu\n3d19G3fv3uyrRKTi5JrBQImlOeVsBsvJYgd+3MSy0N1npBqJiGRCfmLp3x8WLYJ168obUxbNmxdG\nhB15ZHnjyO0imSVxE8t4M/u7mX0rahY7ycxOSjUyESmL3FBjCE08/fvDO++UN6YseughOP74ZPab\nb41evbLXFBa3ZbA7sBo4Oq/MgQcTj0hEyiq/xgKbmsP23rt8MWXR6NFw0UXljiKbTWFx92M5I+1A\nRKT8Fi0Ky+X377+pTP0sW1q0CCZNgqOPbv7YtGWx8z5WYjGzHYCzgAH5r3H3M9MJS0TKIVdbyV/z\nSollSw8/DEOHQqdO5Y4kmzWWuH0sY4AehBn3j+fdmmVmI81soZlNySvrZWZjzWyWmT1tZj3ynrs5\nGto8ycwG55Wfbmazo9cMixm3iBShYTMYKLEUkoXRYDmVnFi6uPvF7n6fu4/O3WK+9g7gmAZllwDP\nuvtewPNEqyab2ZeBQe6+B/AD4I9ReS/gcuBgwvbIV+QnIxFJhhJL85YsgVdegS9/udyRBFlsCoub\nWB4zs2NbcgJ3/wfQMJ+eCIyK7o+KHufK74pe9yrQw8z6EBLTWHdf7u7LgLHA0JbEIyKNyx8RlrPb\nbvDuu9lbNqRcHnkkDDHu1q3ckQSVXGP5ESG5rE1o5n1vd18I4O4LgN5R+c7Ae3nHzYvKGpa/H5WJ\nSEI2bAiz7vfdd/PyLl3Ch9f775cnrqzJUjMYVHBiiWbat3P3TinPvG+4TY4RhjUX2j7HUzi/SJs1\ne3YYDda1wKYYag4LVqyAF18M81eyIotNYXFHhRnwbWCgu19lZv2BHd39tRaed6GZ9XH3hWbWF1gU\nlc8D8gY60g+YH5XXNCh/obE3HzFixMf3a2pqqKmpaexQEYlMmbJlM1hOLrG09T+lxx8PC072yFAP\nb0trLLW1tdTW1iYeD4CF/buaOcjsD0A9cKS7fyLqTB/r7gfHOonZAOBRd98vevwbYIm7/8bMLgF6\nuvslUT/Oee5+nJkNAW509yHR+cYDBxJqWeOBg6L+lobn8jjXJCKbu+SSUFv5xS+2fO6qq2DNGrj6\n6tLHlSWnnALHHgtnZmiixdq10L17WHanNVsjmxnunsjmynH7WA519/OAtQDuvhSItZCBmd0N/BPY\n08z+ZWZnANcAR5nZLOCL0WPc/QngHTN7E7gNODfvfFcREsqrwJWFkoqItFyhEWE5agqD1avhmWfC\nasZZ0qlTWD5/zZpyR7JJ3CVdNphZezZtTbwDoQbTLHc/tZGnvtTI8ec3Un4ncGecc4pI8eI0hbVl\nTz0FBx8M221X7ki2lGsO69Kl3JEEcWssNwMPAb3N7FfAP4A2XikWqR4ffhh2Itx118LPK7FkbzRY\nvqyNDIu7VtjfzGwCodnKgK9qGX2R6jFlCuy3X+Nt9NttF+axLFkC225b2tiyYN06eOIJuO66ckdS\nWNZGhsUdFXYtcIe7/7+U4xGRMmiqGQxCwsnVWtpiYnn2WfjkJ6Fv33JHUljWaixxm8JmAn8ys1fN\n7GwtpyJSXSZPbrzjPqctNodNmwY//CEMGwbf/365o2lcRSYWd/+Lux8GDCOscDzFzO42syPSDE5E\nSqOpEWE5bSWxrFsHd98d5qscfXT40J40Cb7znXJH1riKbAoDiEaF7R3d/g1MBi4ysx+4+zdTik9E\nUrZxI0yfHvpYmjJoELz8cmliKoe33oI//QnuuCM0C/7nf4YZ9lttVe7ImleRNRYzux6YBRwLXO3u\nB7n7b9z9eOCANAMUkXS9+SbstFPziypWY41l48ZNe6sMGQJ1dfDSS2G+ykknVUZSgewllrg1lmnA\nz919dYHnDkkwHhEpsTj9K1BdicUdfv97uOYa2GUXOOeckGCysHFXS/TsGX6OWRF3uPHtZnaCmR0e\nFb3o7o9Gzy1PLToRSV2c/hWAfv3g3/8OM7w7d04/rrS4w2WXheXvH3us6dFwlSJrNZa4TWG/Jiyd\nPz26XRCViUiFa26ocU779mEC5TvvpB9TWtzhxz+GJ5+E2trqSCqQvcQStynsOGCwu9cDmNkoYCLR\nzo8iUrniNoXBpuawffZJN6Y01NfD+efDhAnw/PPhw7haZG1UWNx5LAA98+5rHotIFVi6NNwGDox3\nfKX2s9TVwVlnhdrZM89UV1KByq2x/BqYaGYvEJZ0ORzVVkQq3tSpYZhxu5j/YlZiYtm4EYYPh/nz\nw0KSWdlSOEkVmVjc/R4zqwUOJiSWi6MthUWkghXTDAYhsYwdm148SVu/Hr79bVi1KmzSVcmDDprS\nrVvYl2XDhmwMkS6mKWyH6Gt74LNmdlIK8YhICcUdEZZTSTWWdevCxlzr1oWhxNWaVCCs5Zalfpa4\ni1DeDuwPvMGmfVgceDCluESkBKZMCc1EcQ0cCHPnhj6L9u1TC6vV1qyBr30NttkG/vY32DrWtoSV\nLdcctsMOzR+btrh9LEPcvQLHgYhIY+rq4I03wqq9cXXuDNtvD/PmNb53S7mtWgUnnBBWE7jzTugQ\ne+GqypalGkvcprCXzUyJRaSKvPVW+O+2R5FjPHffPbvNYStWhOVZdtsNRo1qO0kFstWBHzexjCIk\nl1lmNsXMpprZlDQDE5F0xZ0Y2VBW+1nq6uDYY8M1/elP2W6qS0OWEkvcfH478B1gKjH3uheRbCu2\n4z4nq4ll5MgwbPrWWxvfCbOaZakpLG5iWezuj6QaiYiU1OTJLdtjZNAgeOCB5ONpjaVL4fLLw1It\nbTGpQGXWWCaa2d3Ao8C6XKG7a1SYSIWqpqawX/4STjwRDmjDm3j06gUffljuKIK4iaUzIaEcnVem\n4cYiFWr5cli8OHRyFyuXWNyzUTuYMQP++tewWVlb1rNndhJ+3Jn3Z6QdiIiUztSpsO++Levg7tUr\nvO7DD8PQ43JyhwsvDMvgZ2H+RjllqSmsmJn3IlIlWtoMlpOV5rBHH4X33oPzzit3JOWnxCIiZdXS\nEWE5WUgs69bBRRfBjTdmY32scsvSqDAlFpE2qNjFJxvKQmK54YbQnHf00c0f2xZUXI3FzPqY2Ugz\nezJ6vI+ZfTfd0EQkDfX1MG1aZSeW+fPh2mvhuuvKF0PWVERiMbPTzKxv9PBO4Glgp+jxbODCdEMT\nkTS88w5su21oOmmpcieWSy+F730vLC8jQY8eYUmb+gxMYW+qxvI8cEN0f3t3v49o1r27bwTqUo5N\nRFLQ2v4VKG9iefVVePbZMBJMNunQAbp0gZUryx1JE4nF3ecDZ0cPPzKz7QhzVzCzIcDy9MMTkaS1\ntn8FwsrBy5bB6tXJxBRXfT388Ifw61+HJfFlc1lpDmuyj8Xdc8njIuARYJCZvQTcBVyQcmwikoLW\nDjWGsCbXgAHw9tuJhBTbXXeFc592WmnPWymyMjIs7qiwN4AvAJ8FfgDsC8xMKygRSU8STWFQ+uaw\nFSvgZz+Dm28OyUW2VBE1ljwvu/tGd3/D3ae5+wbg5TQDE5HkrVwJH3yQTKd3qRPLf/93GFp8yCGl\nO2elyUpiaXJJl2hU2M5AZzM7AMitDNQd6JJybCKSsGnTYJ99ktkAa9AgmFmidovZs+H228NSNNK4\nrDSFNffrdQwwHOgHXJ9XvhL4WUoxiUhKkmoGg5BYHn88mfdqzo9/DP/1X7DjjqU5X6WqiBqLu48C\nRpnZye4+OumTm9m7hNFl9cAGdz/EzHoBfwd2Bd4Fvp4bRGBmNwNfBj4Chrv7pKRjEqlmr72WbGIp\nRVPYU0+FmlHW9oDJoqwklib7WMwsN/ZigJld1PCWwPnrgRp3P8Ddcy2nlwDPuvtehLk0l0axfBkY\n5O57EAYQ/DGB84u0CXV14T/+55+Hr341mfccMCAsALlxYzLvV8iGDWH14htugI4d0ztPtchKU1hz\nnfddo6/dgG0a3LolcH4rEMOJwKjo/qjoca78LgB3fxXoYWZ9EohBpKotXRr2gp8wAcaNg113TeZ9\nO3aEPn1CcknLbbfBLrvAcceld45qkpUaS3NNYbdFd59195fynzOzwxI4vwNPm5kDt7n7X4A+7r4w\nOv8CM+sdHbszkP8r/H5UtjCBOESq0htvhJ0Vv/KVsLZWEp32+XLNYQMHJvu+EDYju+oqeOaZbGwo\nVgkqIrHkuQU4MEZZsT4bJY8dgLFmNotodn8BhX61Ch47YsSIj+/X1NRQU1PTyjBFKs/DD8NZZ4WE\ncvrp6Zwjl1i+9KXk3/vqq0NCTKpPqC0opimstraW2traVOJobrjxZwiTIndo0KfSHWjB3nObc/cF\n0dfFZvYwcAiw0Mz6uPvCaLjzoujweUD/vJf3A+YXet/8xCLS1tTXhz3gR44Mo7bSnPeRVgf+u+/C\nX/6i4cXFKqbG0vCf7iuvvDKxOJrrY9ma0JfSgc37V1YAp7TmxGbWxcy6Rfe7AkcDUwlLxwyPDhsO\njInuPwIMi44fAizLNZmJSLByJZx8cmg+Gjcu/cmEaSWWyy4La4LttFPzx8omFdEU5u4vAi+a2Z3u\nPjfhc/cBHor6VzoAf3P3sWY2HrjPzM4E/gX8RxTLE2Z2rJm9SRhufEbC8YhUtDffDP0phx0G995b\nmlFUaSSWcePghRdCx70UJyujwsy9sS6NvIPM9gR+AgwgLxm5+5GpRdZCZuZxrkmkmjz9NAwbBiNG\nwNlnl66ze/ly6NcvrOOVxDnd4QtfCNfyve+1/v3aok6dQq2lc+fiXmdmuHsivzlxO+/vJ8wb+Qva\nh0UkU265JXR0338/HH54ac/do0eoGS1eDL17N398c8aMCR+KZ6g9osVyzWHFJpYkxU0sG939D6lG\nIiJFmzcPrrgCJk5Mbn5KsXLNYa1NLBs2hEmct9wC7Vs9NKjtyjWHlbN/Ku7qxo+a2blmtqOZbZu7\npRqZiDTrlltCs1G5kgok189y221hPswxx7T+vdqyLHTgx62x5EbB/zSvzIHdkg1HROJasSIMyZ0w\nobxxJJFY8idDSutUTGJx9xTm1YpIa4wcCUcdFdbsKqdBg8IaZK2hyZDJycLIsNgLPJjZJ4F9gE65\nMne/K42gRKRpGzbAjTfC6MTXHC/eoEHw5z+3/PWaDJmsiqmxmNkVQA0hsTxBWLr+H0SLQopIaT3w\nQOiP+PR1ZY5WAAANKUlEQVSnyx1JSCxvvtny12syZLKykFjidt6fAnwRWODuZwCfAnqkFpWINMo9\nrP/1k5+UO5Jgxx3DjP+VK4t/bW4yZFaupRpkoSksbmJZ4+71wEYz605Yv6t/M68RkRTU1sLq1WEp\n/Cwwg912g7ffLu517iGh/PKX0C2JTTgEqKway3gz6wn8GZgAvA68nFpUItKoa68NW/W2i/vXWwIt\nGRk2ZgwsWaLJkEnLQmKJOyrs3OjuH83sKaC7u09JLywRKeSNN8Lw4ix02ucrNrFoMmR6stAUFrfz\nfouFIszscHf/3+RDEpHGXH89nH9+WA8qSwYNgr/+NSzv0rdv6HfJfS3UzKXJkOmpmBoLm0+M7ETY\nN2UCkLlFKEWq1QcfwEMPwZw55Y5kSyefHP5LnjMH/vd/Q6wLFoSv7dtvSjK5hHPvvfDss+WOujpl\nIbHEWt14ixeZ9QdudPeTkw+pdbS6sVSryy4LM9RvvbXckcTnHlYIyCWZ3NeddoJvfKPc0VWn5cuh\nf//wfS9GkqsbtzSxGPCGu++TRBBJUmKRarRqVWg6euWV0Owk0pj6eth6a1i7FjrEngJfhmXzzewW\nNu0v3w4YTBgZJiIlcMcdYZ8SJRVpTrt2YTuDZctg++3LE0PcfDY+7/5G4B53fymFeESkgY0b4YYb\n4O67yx2JVIrcyLCsJ5b7gd2j+7PcfV1K8YhIAw89FDq9hwwpdyRSKcrdgd/kFCsz28rMbgTeA+4A\nRgFvm9kl0fMHpB+iSNvlDr/7nZY8keKUO7E0V2O5DugCDHD3lQDRki7XmtkfgKGAltQXSck//hE+\nIE44odyRSCUp9yTJ5hLLscAe+cOs3H2FmZ0D/JuwyrGIpOTaa+GiizQ7XYqT9RpLfaGxu+5eZ2aL\n3f2VlOISafNmzYKXX4Z77il3JFJpyp1YmlvGbrqZDWtYaGanATPSCUlEICzfcs450KVLuSORSpP1\nprDzgAfN7EzCEi4OHAx0Br6WcmwibdaiRXDffaHWIlKsXr3Czpzl0mRicff3gUPN7EhgX8CAJ939\nuVIEJ9JW/f738PWvQ+/e5Y5EKlHPntnuYwHA3Z8Hnk85FpE2r74+LNB4663wkqYgSwv16pXtpjCR\nNmXNmrBXSPfupT2vOzzyCPz859C1K9x/P+y1V2ljkOqR9c57kTZj7lw46CAYMCBsl9uSPdyL5Q7P\nPBNm1V9+OVx9dRgJdsQR6Z9bqle5m8KUWESA11+Hww6Ds8+GceNg9mzYYw+46SZYl9ICRi+9FBLI\n+eeHuSoTJ8Lxx4c95EVao9xNYUos0uY99RQMHQo33wwXXLBpN8SxY8NmVHvuCXfeCXV1yZzv9dfh\n2GPh1FNh2LCw3fA3vpGtPeylsuWGG5drBxH9KkubNnIkDB8ODz8MJ520+XP77w+PPhpWFb7jDthv\nP3jwwZb/sU6fDqecAl/5Skgss2fDmWcWt2eGSBxbbRW2r54+vTznb9FGX1mmjb4kDncYMSLUTJ58\nMtRKmjv+6afh0kvDH+3VV8OXvrTlcfX18N57Yf5Jw9vq1fDTn4amr65dU7kskY9dc03YbmHvveG7\n3w3bRzf1e1f2HSSzTIlFmrNhA3z/+6EJ6rHHipsrUl8fRmz94hdh+9dTT4V33tmUPN58E7bdNozo\n2nPP8DV323VXrfklpbV+PTz+eKiZ//OfocZ85plw6KFb9uUpsTRBiUWasmJF+OPq2DHMF2lpzWHD\nhtDv8uKLsPvum5LHnntCt26JhiySiPnz4a674PbbQ637zDPhtNOgT5/wvBJLE5RYpDHz54e+jc98\nBm65RX0b0ja5h+0YRo4MfYtHHBGSzAkntNHEYmZDgRsJgw5GuvtvChyjxCJbeOONkFTOOQcuvlhD\nekUg1ODvuy8kmVdeSS6xVMyoMDNrB9wKHENYt+xbZrZ3eaMqvdra2nKHkDj30LH9wQfw+OO1rR4i\nWVcXFnGcOjUMF/7Tn+DII0OH+yWXlC+pVOPPLp+ur/J07w7f+16YlJukSmoMOASY4+5zAczsXuBE\nYGZZoyqx2tpaampqSn5e9zCTd+HCMD6+vr7wra5u88cbNoTXffghLFmy6Wv+/Q8/DOfo0QOWLq2l\nvr6GHj3CWPxevTb/mrvfvXuYGb9oUYgp/+uSJeG43r3DrU8f+PvfoQzfts2U62dXKro+yamkxLIz\n8F7e43mEZJO6ujpYvhxWrQofZqtWNX1/zZowhrxr17CXRv6tYVnnzuH916/f/LZu3ZZl69eHyXX3\n3FP4vfIfb711+M+8vr7591y/PlSJG35AL1y46f7ixeH9e/cOH+zt24cJfY3dcs936BCO3267MFpq\n993D12233VS23Xbh+wBhCPBll4Xv97JlISktW7bl/XnzYJttwsisgw4KySOXRLbfXv0nIuVUSX9+\nhRowStKZ8tprcNxxYbTPNtuEr7lb/uNttoGddgpJZe3a0LyzYkVo4lm9Otw++mjT/dytQ4eQCLbe\nOoxWyt1vWLbVVmGOxJgxm7++4Xt+9FFIVmbha1Pvmbt167b5h/O++266n/vPv2PHUny3w3Vuv324\niUjlqZjOezMbAoxw96HR40sAb9iBb2aVcUEiIhnT5kaFmVl7YBbwReAD4DXgW+6uLZJFRDKkYprC\n3L3OzM4HxrJpuLGSiohIxlRMjUVERCpD5uexmNlIM1toZlPyyvY3s3+a2WQzG2Nm3aLyDmZ2p5lN\nMbM3on6Y3GvejY6faGavleNaCiny+rYys9uj65toZl/Ie82BUflsM7uxHNdSSILX94KZzYzKXzez\nTHTtm1k/M3vezKab2VQzuyAq72VmY81slpk9bWY98l5zs5nNMbNJZjY4r/z06Oc3y8yGleN68iVw\nbQfklddFP7eJZvZwOa6noWKvz8z2in5v15rZRQ3ea2j0+znbzC4ux/U0lPD1Fff56e6ZvgGfAwYD\nU/LKXgM+F90fDvwyuv8t4O7ofmfgHWCX6PHbQK9yX08rr+9cQhMgwA7A+LzXvAocEt1/Ajim3NeW\n8PW9ABxQ7uspcH19gcHR/W6EfsC9gd8A/xWVXwxcE93/MvB4dP9Q4JXofi/gLaAH0DN3vxquLXq8\notw/qwSubwfgIOAq4KK892kHvAnsCmwFTAL2rpbri54r6vMz8zUWd/8H0HCTzT2jcoBngZNzhwNd\no47+LsA6YEX0nJHBGlrM68vtFLIP8Fz0usXAMjP7tJn1BbZx99x/EncBX0038niSuL6812Xx57fA\n3SdF91cBM4B+hMm7o6LDRkWPib7eFR3/KtDDzPoQVpQY6+7L3X0ZoS9xaMkupIAErw0KTxcoqyKu\n76vRMYvdfQKwscFbfTx52903ALnJ22WV4PVBkZ+fmftDjWmamR0f3f864ZsF8ACwmjBq7F3g2uiP\nFELSedrMxpnZWaUMtgUaXl//6P5k4EQza29mAwn/XfQnTB6dl/f6eVFZVhV7fTm3R80pPy9hrLGZ\n2QBC7ewVoI+7L4TwBw7kFucvNNF35wLl75Ohn2ELry3/Gjqa2WtRU0vZP3Qbaub6dmjm5Y39TDOj\nldcHRX5+VmpiORM438zGAV2B9VH5oYRs2xfYDfhJ9A0F+Ky7fxo4FjjPzD5X0oiL09j13U74Yx0H\nXA+8RLjesk0ebaFirw/gVHf/FPB54PNmdlppQ25a1E/0APCj6L/Dxr7/DX9WFh2b2Z9hK66NvGN3\ncfdDgG8DN0b/OGRCEdfX6FsUKMvEzw4SuT4o8vOzIhOLu89292Pc/WBCtfOt6KlvAU+5e33UlPIS\n8OnoNQuir4uBhyjRcjAt0dj1uXudu1/k7ge6+9cI7fJzCP8h5f9n3w+YX+q442rB9eHuH0RfPwLu\nJkM/PzPrQPjD/R93HxMVL8w1A0VNlYui8sZ+VvOAXQqUl1VC15b/9/cOUAscQAYUeX2NyeTPDhK7\nvqI/PyslsRh5/xWY2Q7R13bAz4E/RE/9Czgyeq4rMASYaWZdbNPIo67A0cC0kkXfvOau74/R485m\n1iW6fxSwwd1nRj/0FWZ2iJkZMAwYQ3a06vqiprHtovKtgK+QrZ/f7cB0d78pr+wRwsAEoq9j8sqH\nwcerSSyLmiWeBo4ysx5m1gs4Kiort1Zfm5n1NLOto/Ltgc8CZdqNfQvNXd/pFP5byq+ljAN2N7Nd\no+v8ZvQeWdDq62vR52faIxNaeyP8dzqf0BH/L+AM4ALCCIeZwNV5x3YF7osuehrRyAZgIGGkxkRg\nKnBJua+rhde3a1T2BqFzt3/ecwdF1zYHuKnc15Xk9REGYoyPfoZTgRuI5mCV+wYcBtTl/X69Tuh0\n35YwMGEW8AzQM+81txJGEU0GDswrHx79/GYDw6rg2g6Iyj4DTIneYzIwvNzX1pLrA/oQ+lKWAUui\n3+du0XNDo+PnZOXzJanrowWfn5ogKSIiiaqUpjAREakQSiwiIpIoJRYREUmUEouIiCRKiUVERBKl\nxCIiIolSYhERkUQpsYiISKL+P6Zsfs5fQsffAAAAAElFTkSuQmCC\n",
      "text/plain": [
       "<matplotlib.figure.Figure at 0x7f31f05be5f8>"
      ]
     },
     "metadata": {},
     "output_type": "display_data"
    }
   ],
   "source": [
    "dico_docs = defaultdict(list)\n",
    "for doc in docs:\n",
    "    dico_docs[int(doc['publication_year'])].append(doc.hyperdata['title'])\n",
    "\n",
    "x = list(dico_docs.keys())\n",
    "y = [ len(ys) for ys in dico_docs.values()]\n",
    "plt.ylabel('Quantité moyenne de mots par article')\n",
    "plt.plot(x,y)"
   ]
  },
  {
   "cell_type": "code",
   "execution_count": 79,
   "metadata": {
    "collapsed": false,
    "deletable": true,
    "editable": true
   },
   "outputs": [
    {
     "data": {
      "text/plain": [
       "[<matplotlib.lines.Line2D at 0x7f31e3b74668>]"
      ]
     },
     "execution_count": 79,
     "metadata": {},
     "output_type": "execute_result"
    },
    {
     "data": {
